SGLD: 2355.383056640625 +/- 313.10479736328125
SGNHT: 7508869120.0 +/- 9026876416.0
